1.34043e-08 6.29198e-09 1.24935e-08 1111.11
5.34814e-09 1.22563e-08 4.43161e-09 1091.91
5.81976e-09 8.19079e-09 1.51919e-08 1077.29
2.25912e-09 9.68357e-09 2.60059e-10 1062.68
2.49965e-09 6.39666e-09 2.07067e-09 1057.1
8.18331e-09 1.33872e-08 9.77404e-09 1039.48
7.87461e-09 1.55196e-08 4.66681e-09 1022.61
6.38524e-09 1.42234e-08 4.52e-09 1006.98
1.11287e-09 1.51455e-08 8.39172e-09 996.804
1.42028e-08 5.56623e-09 1.02379e-09 991.33
3.80151e-09 1.54855e-08 1.43938e-08 970.978
5.98604e-09 1.2129e-08 8.17698e-09 964.063
6.98206e-09 1.48665e-08 1.48501e-08 940.314
1.02102e-08 5.64849e-09 1.09741e-08 924.187
1.32291e-08 5.27019e-09 3.65295e-09 912.68
1.52595e-08 9.39115e-09 1.04866e-08 894.87
6.35665e-09 1.29988e-08 1.0916e-08 890.624
1.51603e-08 1.46797e-08 2.35576e-09 872.801
9.88503e-09 4.48402e-09 1.25399e-08 861.028
2.9919e-09 4.40704e-09 8.87749e-09 835.683
1.64599e-09 2.0114e-09 7.9043e-09 819.855
1.09196e-08 6.11338e-09 1.19618e-08 815.212
9.32492e-09 3.89936e-09 2.43122e-09 790.511
2.61808e-09 1.18869e-08 1.18905e-09 778.723
2.81126e-09 3.82995e-09 1.27281e-08 754.844
1.02019e-08 1.21208e-08 1.49139e-09 752.97
1.11529e-09 3.26506e-09 7.36149e-09 724.091
8.28631e-10 2.51765e-09 1.59539e-08 717.573
1.59189e-08 8.62433e-10 1.38886e-08 684.82
9.47494e-09 2.87766e-09 2.6026e-09 667.74
5.729e-09 8.81433e-09 9.24421e-09 662.324
8.4685e-09 1.20818e-08 4.85472e-09 626.417
1.19305e-08 1.00336e-08 5.65104e-10 603.977
1.39322e-08 1.32584e-08 1.56259e-08 580.137
1.06394e-08 7.93325e-09 2.61594e-09 577.927
1.03654e-08 3.95729e-09 1.00427e-08 547.831
5.2453e-09 3.6922e-09 1.18316e-09 512.695
8.14747e-09 1.54987e-08 4.46778e-09 499.813
7.52204e-09 9.45337e-09 1.50656e-08 445.787
6.93222e-09 5.15546e-11 5.50321e-09 432.185
1.07765e-08 7.70498e-09 7.68879e-09 396.143
9.92055e-09 6.51948e-10 6.60469e-09 327.918
5.53788e-09 2.94546e-09 9.71766e-09 286.29
1.18129e-08 3.2261e-09 1.46922e-08 211.097
8.49455e-09 1.39826e-09 4.15596e-09 92.9175
1.77529e-09 5.76897e-09 9.20051e-09 1117.64
1.23766e-08 4.6008e-09 5.2591e-09 1127.23
1.32002e-08 5.28841e-09 3.00256e-09 1152.94
1.22027e-08 1.1153e-08 1.93272e-09 1164.44
1.50454e-08 1.46182e-08 1.3751e-08 1174.86
4.74293e-09 1.44373e-08 1.45124e-08 1188.74
2.59662e-09 4.36997e-09 1.37935e-08 1205.97
7.91281e-09 4.64346e-09 2.87844e-09 1209.91
9.62199e-09 7.85609e-09 1.33716e-08 1224.66
7.95346e-09 1.93456e-09 2.20545e-09 1248.08
1.44939e-08 9.9249e-09 1.33507e-08 1253.64
6.29109e-09 1.0511e-08 9.7141e-09 1263.82
1.72061e-09 1.03255e-08 5.80084e-09 1277.97
6.81758e-09 1.49089e-08 9.31027e-09 1301.4
7.7764e-09 2.50912e-09 1.40879e-08 1307.7
8.89531e-09 6.79958e-09 1.32408e-08 1323.6
1.16362e-08 1.01891e-08 1.57122e-08 1335.21
6.5537e-09 8.62879e-11 1.24965e-08 1349.35
1.38087e-08 1.15029e-08 7.84337e-10 1372.68
3.36442e-09 7.56049e-09 1.38031e-08 1382.68
4.81432e-09 1.04837e-08 1.29083e-08 1392.67
7.30239e-09 1.2458e-08 1.10414e-08 1415.92
9.23153e-09 8.454e-09 9.49334e-09 1435.92
7.60342e-09 2.70931e-09 9.72761e-09 1446.98
3.72775e-09 1.32387e-08 1.11822e-09 1456.01
7.68556e-09 3.59748e-09 1.31903e-08 1483.42
5.49217e-09 1.3001e-08 1.0516e-08 1498.17
9.98662e-09 1.33392e-08 4.91632e-09 1512.06
1.75067e-09 1.07626e-08 1.24802e-08 1525.37
5.036e-09 6.92416e-09 3.6853e-09 1538.26
8.8608e-09 2.32599e-10 6.06594e-09 1566.03
4.15513e-09 1.03646e-08 8.81164e-09 1585.37
1.11335e-08 4.97685e-09 1.03045e-08 1604.48
9.86669e-09 1.02535e-08 8.27238e-09 1621.05
1.27934e-08 1.08138e-08 2.43898e-09 1639.78
2.99323e-09 9.87485e-09 1.11726e-08 1646.03
4.86977e-09 4.17309e-09 1.04557e-08 1673.04
1.06467e-08 1.40237e-08 1.04228e-08 1690.63
2.507e-09 8.03221e-09 1.32252e-08 1712.19
6.29418e-09 1.12646e-08 1.38628e-08 1751.31
3.71917e-09 1.47826e-08 8.79771e-09 1765.96
1.49828e-08 1.27575e-08 1.29888e-08 1801.16
1.49306e-08 5.17773e-09 1.39487e-08 1820.87
1.23711e-08 1.2682e-08 4.19246e-09 1831.6
1.26912e-08 1.38016e-08 1.39282e-08 1871.54
9.52291e-09 1.02999e-08 8.59212e-09 1883.57
1.11823e-08 8.26656e-09 1.32834e-08 1928.3
8.1421e-09 7.73763e-10 1.29921e-08 1960.03
2.29709e-09 6.59023e-09 3.94115e-09 2005.08
9.15314e-09 1.29697e-08 9.2961e-09 2055.1
9.36869e-10 1.18475e-09 1.02228e-08 2064.89
1.00549e-08 1.47337e-08 1.17731e-08 2140.16
1.51988e-08 1.51389e-08 1.4344e-08 2176.73
3.49609e-09 7.61884e-09 1.51534e-08 2262.92
2.93179e-09 7.30754e-09 1.24477e-08 2284.2
