Time frame: 0
Atom: 0 
 -nan, 0.000000, 0.000000 
Atom: 1 
 4.200939, 1.971915, 3.915496 
Atom: 2 
 1.676114, 3.841148, 1.388874 
Atom: 3 
 1.823922, 2.567004, 4.761148 
Atom: 4 
 0.708013, 3.034844, 0.081503 
Atom: 5 
 0.783395, 2.004722, 0.648952 
Atom: 6 
 2.564662, 4.195561, 3.063199 
Atom: 7 
 2.467915, 4.863875, 1.462584 
Atom: 8 
 2.001143, 4.457647, 1.416574 
Atom: 9 
 0.348776, 4.746635, 2.629977 
Time frame: 1
Atom: 0 
 nan, 273907781206016.000000, 273909660254208.000000 
Atom: 1 
 5.009379, 2.893562, 4.123047 
Atom: 2 
 2.240084, 4.328545, 2.027745 
Atom: 3 
 2.750118, 3.212716, 5.488445 
Atom: 4 
 0.960900, 3.182076, 0.895680 
Atom: 5 
 0.902204, 3.013646, 0.877209 
Atom: 6 
 2.870694, 4.843113, 3.597486 
Atom: 7 
 3.249273, 5.400620, 2.242498 
Atom: 8 
 2.363601, 5.275372, 2.345600 
Atom: 9 
 0.444832, 4.948849, 3.303204 
Time frame: 2
Atom: 0 
 nan, 547815562412032.000000, 547819320508416.000000 
Atom: 1 
 5.817819, 3.815209, 4.330599 
Atom: 2 
 2.804054, 4.815942, 2.666615 
Atom: 3 
 3.676313, 3.858428, 6.215742 
Atom: 4 
 1.213786, 3.329308, 1.709856 
Atom: 5 
 1.021013, 4.022571, 1.105466 
Atom: 6 
 3.176725, 5.490665, 4.131773 
Atom: 7 
 4.030630, 5.937365, 3.022412 
Atom: 8 
 2.726059, 6.093097, 3.274627 
Atom: 9 
 0.540888, 5.151062, 3.976430 
Time frame: 3
Atom: 0 
 nan, 821723343618048.000000, 821728980762624.000000 
Atom: 1 
 6.626259, 4.736857, 4.538150 
Atom: 2 
 3.368024, 5.303339, 3.305486 
Atom: 3 
 4.602508, 4.504139, 6.943039 
Atom: 4 
 1.466673, 3.476539, 2.524033 
Atom: 5 
 1.139822, 5.031495, 1.333723 
Atom: 6 
 3.482757, 6.138218, 4.666060 
Atom: 7 
 4.811988, 6.474110, 3.802326 
Atom: 8 
 3.088518, 6.910821, 4.203653 
Atom: 9 
 0.636944, 5.353276, 4.649657 
Time frame: 4
Atom: 0 
 nan, 1095631124824064.000000, 1095638641016832.000000 
Atom: 1 
 7.434700, 5.658504, 4.745702 
Atom: 2 
 3.931994, 5.790737, 3.944357 
Atom: 3 
 5.528703, 5.149851, 7.670336 
Atom: 4 
 1.719560, 3.623771, 3.338210 
Atom: 5 
 1.258631, 6.040420, 1.561980 
Atom: 6 
 3.788789, 6.785770, 5.200347 
Atom: 7 
 5.593346, 7.010855, 4.582240 
Atom: 8 
 3.450976, 7.728546, 5.132680 
Atom: 9 
 0.733000, 5.555490, 5.322884 
Time frame: 5
Atom: 0 
 nan, 1369538906030080.000000, 1369548301271040.000000 
Atom: 1 
 8.243139, 6.580152, 4.953253 
Atom: 2 
 4.495964, 6.278134, 4.583228 
Atom: 3 
 6.454898, 5.795563, 8.397633 
Atom: 4 
 1.972447, 3.771002, 4.152387 
Atom: 5 
 1.377439, 7.049344, 1.790237 
Atom: 6 
 4.094820, 7.433323, 5.734634 
Atom: 7 
 6.374703, 7.547600, 5.362154 
Atom: 8 
 3.813434, 8.546270, 6.061707 
Atom: 9 
 0.829056, 5.757704, 5.996111 
Time frame: 6
Atom: 0 
 nan, 1643446687236096.000000, 1643457961525248.000000 
Atom: 1 
 9.051579, 7.501800, 5.160805 
Atom: 2 
 5.059934, 6.765531, 5.222099 
Atom: 3 
 7.381093, 6.441275, 9.124929 
Atom: 4 
 2.225333, 3.918234, 4.966563 
Atom: 5 
 1.496248, 8.058269, 2.018494 
Atom: 6 
 4.400852, 8.080875, 6.268921 
Atom: 7 
 7.156061, 8.084345, 6.142067 
Atom: 8 
 4.175892, 9.363995, 6.990733 
Atom: 9 
 0.925112, 5.959918, 6.669338 
Time frame: 7
Atom: 0 
 nan, 1917354468442112.000000, 1917367621779456.000000 
Atom: 1 
 9.860020, 8.423447, 5.368356 
Atom: 2 
 5.623904, 7.252928, 5.860970 
Atom: 3 
 8.307288, 7.086987, 9.852226 
Atom: 4 
 2.478220, 4.065465, 5.780740 
Atom: 5 
 1.615057, 9.067193, 2.246751 
Atom: 6 
 4.706884, 8.728428, 6.803208 
Atom: 7 
 7.937419, 8.621090, 6.921981 
Atom: 8 
 4.538351, 10.181719, 7.919760 
Atom: 9 
 1.021167, 6.162131, 7.342565 
Time frame: 8
Atom: 0 
 nan, 2191262249648128.000000, 2191277282033664.000000 
Atom: 1 
 10.668460, 9.345094, 5.575908 
Atom: 2 
 6.187874, 7.740325, 6.499840 
Atom: 3 
 9.233483, 7.732699, 10.579523 
Atom: 4 
 2.731107, 4.212697, 6.594916 
Atom: 5 
 1.733865, 10.076118, 2.475008 
Atom: 6 
 5.012916, 9.375980, 7.337495 
Atom: 7 
 8.718777, 9.157835, 7.701895 
Atom: 8 
 4.900809, 10.999443, 8.848786 
Atom: 9 
 1.117223, 6.364345, 8.015792 
Time frame: 9
Atom: 0 
 nan, 2465170030854144.000000, 2465186942287872.000000 
Atom: 1 
 11.476900, 10.266741, 5.783459 
Atom: 2 
 6.751844, 8.227722, 7.138711 
Atom: 3 
 10.159678, 8.378410, 11.306820 
Atom: 4 
 2.983994, 4.359929, 7.409093 
Atom: 5 
 1.852674, 11.085042, 2.703264 
Atom: 6 
 5.318947, 10.023533, 7.871782 
Atom: 7 
 9.500134, 9.694580, 8.481809 
Atom: 8 
 5.263267, 11.817167, 9.777813 
Atom: 9 
 1.213279, 6.566559, 8.689019 
Time frame: 10
Atom: 0 
 nan, 2739077812060160.000000, 2739096602542080.000000 
Atom: 1 
 12.285340, 11.188388, 5.991011 
Atom: 2 
 7.315814, 8.715119, 7.777582 
Atom: 3 
 11.085874, 9.024122, 12.034117 
Atom: 4 
 3.236881, 4.507160, 8.223269 
Atom: 5 
 1.971483, 12.093966, 2.931521 
Atom: 6 
 5.624979, 10.671085, 8.406070 
Atom: 7 
 10.281492, 10.231325, 9.261723 
Atom: 8 
 5.625725, 12.634892, 10.706840 
Atom: 9 
 1.309335, 6.768773, 9.362247 
Time frame: 11
Atom: 0 
 nan, 3012985593266176.000000, 3013006262796288.000000 
Atom: 1 
 13.093781, 12.110035, 6.198562 
Atom: 2 
 7.879785, 9.202517, 8.416452 
Atom: 3 
 12.012069, 9.669834, 12.761414 
Atom: 4 
 3.489767, 4.654392, 9.037446 
Atom: 5 
 2.090292, 13.102891, 3.159778 
Atom: 6 
 5.931011, 11.318638, 8.940357 
Atom: 7 
 11.062850, 10.768070, 10.041636 
Atom: 8 
 5.988183, 13.452616, 11.635866 
Atom: 9 
 1.405391, 6.970986, 10.035474 
Time frame: 12
Atom: 0 
 nan, 3286893374472192.000000, 3286915923050496.000000 
Atom: 1 
 13.902221, 13.031682, 6.406114 
Atom: 2 
 8.443754, 9.689914, 9.055324 
Atom: 3 
 12.938264, 10.315546, 13.488710 
Atom: 4 
 3.742654, 4.801623, 9.851623 
Atom: 5 
 2.209100, 14.111815, 3.388035 
Atom: 6 
 6.237042, 11.966190, 9.474645 
Atom: 7 
 11.844208, 11.304815, 10.821550 
Atom: 8 
 6.350642, 14.270340, 12.564893 
Atom: 9 
 1.501447, 7.173200, 10.708701 
